0 1.0
100 2.0
200 1.0
300 1.0
400 2.3333333333333335
500 1.3333333333333333
600 1.0
700 1.6666666666666667
800 1.6666666666666667
900 1.0
1000 2.0
1100 1.3333333333333333
1200 2.6666666666666665
1300 1.0
1400 2.6666666666666665
1500 1.6666666666666667
1600 1.6666666666666667
1700 2.6666666666666665
1800 2.3333333333333335
1900 2.6666666666666665
2000 1.0
2100 3.0
2200 1.0
2300 2.6666666666666665
2400 1.0
2500 2.6666666666666665
2600 2.6666666666666665
2700 1.0
2800 1.0
2900 1.6666666666666667
3000 1.0
3100 3.0
3200 1.6666666666666667
3300 2.6666666666666665
3400 2.6666666666666665
3500 2.3333333333333335
3600 3.0
3700 2.6666666666666665
3800 3.0
3900 3.0
4000 3.0
4100 2.0
4200 2.6666666666666665
4300 3.0
4400 2.0
4500 2.3333333333333335
4600 2.6666666666666665
4700 3.0
4800 2.3333333333333335
4900 3.0
