0 1 1 1 
100 3 1 2 
200 1 1 1 
300 1 1 1 
400 2 3 2 
500 1 1 2 
600 1 1 1 
700 2 1 2 
800 2 2 1 
900 1 1 1 
1000 2 2 2 
1100 1 1 2 
1200 3 2 3 
1300 1 1 1 
1400 3 3 2 
1500 1 2 2 
1600 1 2 2 
1700 3 2 3 
1800 3 2 2 
1900 3 3 2 
2000 1 1 1 
2100 3 3 3 
2200 1 1 1 
2300 2 3 3 
2400 1 1 1 
2500 3 2 3 
2600 3 3 2 
2700 1 1 1 
2800 1 1 1 
2900 2 2 1 
3000 1 1 1 
3100 3 3 3 
3200 2 2 1 
3300 3 2 3 
3400 2 3 3 
3500 3 3 1 
3600 3 3 3 
3700 2 3 3 
3800 3 3 3 
3900 3 3 3 
4000 3 3 3 
4100 2 3 1 
4200 2 3 3 
4300 3 3 3 
4400 1 3 2 
4500 1 3 3 
4600 3 3 2 
4700 3 3 3 
4800 3 3 1 
4900 3 3 3 
