Number of Worker Nodes = 3
StartTime = Fri Jan 26 14:53:30 EST 2018
Duration = 5 s
Time Unit = 100mu-s
UnicastProbability = 0.5
Period = 100ms
Epsilon = 1000mu-s
uniform
no
hvc
NTP Type internet
-------- listing offsets -------- 
0.0 0.0 0.0 
Average Offset is : 0.0 ms
Max Offset is : 0.0 ms
---------------- 
---------------- 
| Average Latency: 2070 mu-sec
| Minimum Latency: 98 mu-sec
| Q1 Latency: 231 mu-sec
| Median Latency: 388 mu-sec
| Q3 Latency: 900 mu-sec
| Maximum Latency: 103246 mu-sec
-----------------
---------------- 
| Observed Throughput = 2213.133333333333 msgs/sec/node
| Theoretical throughput = 5000.0 msgs/sec/node
| Performance ratio = 0.44262666666666667
---------------- 
Number of messages = 33197
---------------- 
| Average message size: 31.0 B
| Minimum message size: 31 B
| Median message size: 31.0 B
| Maximum message size: 31 B
-----------------
HvcHistogram.txt
1 34.67
2 24.00
3 41.33
HvcOverTimeRaw.txt
0 1 1 1 
100 3 1 2 
200 1 1 1 
300 1 1 1 
400 2 3 2 
500 1 1 2 
600 1 1 1 
700 2 1 2 
800 2 2 1 
900 1 1 1 
1000 2 2 2 
1100 1 1 2 
1200 3 2 3 
1300 1 1 1 
1400 3 3 2 
1500 1 2 2 
1600 1 2 2 
1700 3 2 3 
1800 3 2 2 
1900 3 3 2 
2000 1 1 1 
2100 3 3 3 
2200 1 1 1 
2300 2 3 3 
2400 1 1 1 
2500 3 2 3 
2600 3 3 2 
2700 1 1 1 
2800 1 1 1 
2900 2 2 1 
3000 1 1 1 
3100 3 3 3 
3200 2 2 1 
3300 3 2 3 
3400 2 3 3 
3500 3 3 1 
3600 3 3 3 
3700 2 3 3 
3800 3 3 3 
3900 3 3 3 
4000 3 3 3 
4100 2 3 1 
4200 2 3 3 
4300 3 3 3 
4400 1 3 2 
4500 1 3 3 
4600 3 3 2 
4700 3 3 3 
4800 3 3 1 
4900 3 3 3 
HvcOverTimeAvg.txt
0 1.0
100 2.0
200 1.0
300 1.0
400 2.3333333333333335
500 1.3333333333333333
600 1.0
700 1.6666666666666667
800 1.6666666666666667
900 1.0
1000 2.0
1100 1.3333333333333333
1200 2.6666666666666665
1300 1.0
1400 2.6666666666666665
1500 1.6666666666666667
1600 1.6666666666666667
1700 2.6666666666666665
1800 2.3333333333333335
1900 2.6666666666666665
2000 1.0
2100 3.0
2200 1.0
2300 2.6666666666666665
2400 1.0
2500 2.6666666666666665
2600 2.6666666666666665
2700 1.0
2800 1.0
2900 1.6666666666666667
3000 1.0
3100 3.0
3200 1.6666666666666667
3300 2.6666666666666665
3400 2.6666666666666665
3500 2.3333333333333335
3600 3.0
3700 2.6666666666666665
3800 3.0
3900 3.0
4000 3.0
4100 2.0
4200 2.6666666666666665
4300 3.0
4400 2.0
4500 2.3333333333333335
4600 2.6666666666666665
4700 3.0
4800 2.3333333333333335
4900 3.0
